datasets_ids = [39, 61, 182, 1478, 1568, 40685, 40984, 46773, 46774, 46775, 46776, 46777, 46778, 46779, 46780, 46781, 46782, 46783]
task_ids = [145977, 59, 2074, 14970, 9892, 146212, 146822, 363483, 363484, 363485, 363486, 363487, 363488, 363489, 363490, 363491, 363492, 363493]
datasets_ids = "39,61,182,1478,1568,40685,40984,46773,46774,46775,46776,46777,46778,46779,46780,46781,46782,46783"
task_ids = "145977,59,2074,14970,9892,146212,146822,363483,363484,363485,363486,363487,363488,363489,363490,363491,363492,363493"

new
alizadeh-2000-v2: 46773
alizadeh-2000-v3: 46774
armstrong-2002-v1: 46775
bittner-2000: 46776
bredel-2005: 46777
chowdary-2006: 46778
garber-2001: 46779
golub-1999-v2: 46780
khan-2001: 46781
binary_alpha_digits: 46782
coil-20: 46783

task_ids
[363483,
 363484,
 363485,
 363486,
 363487,
 363488,
 363489,
 363490,
 363491,
 363492,
 363493]